[
{'kernel': 'linear', 'max_iter': 10, 'func_shape': 'ovo', 'probability': True, 'shrinking': True, 'tollerance': 0.0011090909090909092, 'C': 7, 'closed_fnr': 0.18181818181818182, 'closed_recall': 0.8181818181818182, 'closed_f1': 0.6428571428571428, 'closed_precision': 0.5294117647058824, 'closed_accuracy': 0.6753246753246753, 'closed_pred': array([0, 1, 1, 0, 1, 1, 0, 0, 1, 1, 1, 1, 1, 0, 0, 0, 0, 0, 1, 1, 0, 0,
       1, 0, 1, 1, 1, 0, 1, 0, 1, 1, 1, 1, 0, 1, 1, 0, 1, 1, 0, 0, 0, 1,
       0, 1, 0, 1, 0, 1, 0, 1, 1, 1, 1, 0, 1, 0, 1, 1, 1, 1, 1, 0, 0, 1,
       0, 1, 0, 1, 1, 0, 0, 0, 0, 0, 0, 0, 1, 1, 1, 0, 0, 1, 0, 1, 1, 1,
       0, 0, 0, 1, 0, 1, 1, 1, 0, 0, 1, 0, 1, 0, 1, 1, 1, 1, 1, 1, 0, 0,
       0, 1, 0, 1, 1, 1, 1, 0, 0, 1, 0, 0, 1, 0, 1, 1, 0, 1, 1, 1, 1, 1,
       0, 1, 1, 0, 1, 1, 1, 0, 0, 0, 1, 1, 0, 0, 0, 0, 1, 1, 0, 0, 1, 0],
      dtype=int64)},
{'kernel': 'linear', 'max_iter': 10, 'func_shape': 'ovo', 'probability': True, 'shrinking': True, 'tollerance': 0.002118181818181818, 'C': 7, 'closed_fnr': 0.18181818181818182, 'closed_recall': 0.8181818181818182, 'closed_f1': 0.6428571428571428, 'closed_precision': 0.5294117647058824, 'closed_accuracy': 0.6753246753246753, 'closed_pred': array([0, 1, 1, 0, 1, 1, 0, 0, 1, 1, 1, 1, 1, 0, 0, 0, 0, 0, 1, 1, 0, 0,
       1, 0, 1, 1, 1, 0, 1, 0, 1, 1, 1, 1, 0, 1, 1, 0, 1, 1, 0, 0, 0, 1,
       0, 1, 0, 1, 0, 1, 0, 1, 1, 1, 1, 0, 1, 0, 1, 1, 1, 1, 1, 0, 0, 1,
       0, 1, 0, 1, 1, 0, 0, 0, 0, 0, 0, 0, 1, 1, 1, 0, 0, 1, 0, 1, 1, 1,
       0, 0, 0, 1, 0, 1, 1, 1, 0, 0, 1, 0, 1, 0, 1, 1, 1, 1, 1, 1, 0, 0,
       0, 1, 0, 1, 1, 1, 1, 0, 0, 1, 0, 0, 1, 0, 1, 1, 0, 1, 1, 1, 1, 1,
       0, 1, 1, 0, 1, 1, 1, 0, 0, 0, 1, 1, 0, 0, 0, 0, 1, 1, 0, 0, 1, 0],
      dtype=int64)},
{'kernel': 'linear', 'max_iter': 10, 'func_shape': 'ovo', 'probability': True, 'shrinking': True, 'tollerance': 0.0031272727272727272, 'C': 7, 'closed_fnr': 0.18181818181818182, 'closed_recall': 0.8181818181818182, 'closed_f1': 0.6428571428571428, 'closed_precision': 0.5294117647058824, 'closed_accuracy': 0.6753246753246753, 'closed_pred': array([0, 1, 1, 0, 1, 1, 0, 0, 1, 1, 1, 1, 1, 0, 0, 0, 0, 0, 1, 1, 0, 0,
       1, 0, 1, 1, 1, 0, 1, 0, 1, 1, 1, 1, 0, 1, 1, 0, 1, 1, 0, 0, 0, 1,
       0, 1, 0, 1, 0, 1, 0, 1, 1, 1, 1, 0, 1, 0, 1, 1, 1, 1, 1, 0, 0, 1,
       0, 1, 0, 1, 1, 0, 0, 0, 0, 0, 0, 0, 1, 1, 1, 0, 0, 1, 0, 1, 1, 1,
       0, 0, 0, 1, 0, 1, 1, 1, 0, 0, 1, 0, 1, 0, 1, 1, 1, 1, 1, 1, 0, 0,
       0, 1, 0, 1, 1, 1, 1, 0, 0, 1, 0, 0, 1, 0, 1, 1, 0, 1, 1, 1, 1, 1,
       0, 1, 1, 0, 1, 1, 1, 0, 0, 0, 1, 1, 0, 0, 0, 0, 1, 1, 0, 0, 1, 0],
      dtype=int64)},
{'kernel': 'linear', 'max_iter': 10, 'func_shape': 'ovo', 'probability': True, 'shrinking': True, 'tollerance': 0.004136363636363637, 'C': 7, 'closed_fnr': 0.18181818181818182, 'closed_recall': 0.8181818181818182, 'closed_f1': 0.6428571428571428, 'closed_precision': 0.5294117647058824, 'closed_accuracy': 0.6753246753246753, 'closed_pred': array([0, 1, 1, 0, 1, 1, 0, 0, 1, 1, 1, 1, 1, 0, 0, 0, 0, 0, 1, 1, 0, 0,
       1, 0, 1, 1, 1, 0, 1, 0, 1, 1, 1, 1, 0, 1, 1, 0, 1, 1, 0, 0, 0, 1,
       0, 1, 0, 1, 0, 1, 0, 1, 1, 1, 1, 0, 1, 0, 1, 1, 1, 1, 1, 0, 0, 1,
       0, 1, 0, 1, 1, 0, 0, 0, 0, 0, 0, 0, 1, 1, 1, 0, 0, 1, 0, 1, 1, 1,
       0, 0, 0, 1, 0, 1, 1, 1, 0, 0, 1, 0, 1, 0, 1, 1, 1, 1, 1, 1, 0, 0,
       0, 1, 0, 1, 1, 1, 1, 0, 0, 1, 0, 0, 1, 0, 1, 1, 0, 1, 1, 1, 1, 1,
       0, 1, 1, 0, 1, 1, 1, 0, 0, 0, 1, 1, 0, 0, 0, 0, 1, 1, 0, 0, 1, 0],
      dtype=int64)},
{'kernel': 'linear', 'max_iter': 10, 'func_shape': 'ovo', 'probability': True, 'shrinking': True, 'tollerance': 0.005145454545454546, 'C': 7, 'closed_fnr': 0.18181818181818182, 'closed_recall': 0.8181818181818182, 'closed_f1': 0.6428571428571428, 'closed_precision': 0.5294117647058824, 'closed_accuracy': 0.6753246753246753, 'closed_pred': array([0, 1, 1, 0, 1, 1, 0, 0, 1, 1, 1, 1, 1, 0, 0, 0, 0, 0, 1, 1, 0, 0,
       1, 0, 1, 1, 1, 0, 1, 0, 1, 1, 1, 1, 0, 1, 1, 0, 1, 1, 0, 0, 0, 1,
       0, 1, 0, 1, 0, 1, 0, 1, 1, 1, 1, 0, 1, 0, 1, 1, 1, 1, 1, 0, 0, 1,
       0, 1, 0, 1, 1, 0, 0, 0, 0, 0, 0, 0, 1, 1, 1, 0, 0, 1, 0, 1, 1, 1,
       0, 0, 0, 1, 0, 1, 1, 1, 0, 0, 1, 0, 1, 0, 1, 1, 1, 1, 1, 1, 0, 0,
       0, 1, 0, 1, 1, 1, 1, 0, 0, 1, 0, 0, 1, 0, 1, 1, 0, 1, 1, 1, 1, 1,
       0, 1, 1, 0, 1, 1, 1, 0, 0, 0, 1, 1, 0, 0, 0, 0, 1, 1, 0, 0, 1, 0],
      dtype=int64)},
{'kernel': 'linear', 'max_iter': 10, 'func_shape': 'ovo', 'probability': True, 'shrinking': True, 'tollerance': 0.006154545454545455, 'C': 7, 'closed_fnr': 0.18181818181818182, 'closed_recall': 0.8181818181818182, 'closed_f1': 0.6428571428571428, 'closed_precision': 0.5294117647058824, 'closed_accuracy': 0.6753246753246753, 'closed_pred': array([0, 1, 1, 0, 1, 1, 0, 0, 1, 1, 1, 1, 1, 0, 0, 0, 0, 0, 1, 1, 0, 0,
       1, 0, 1, 1, 1, 0, 1, 0, 1, 1, 1, 1, 0, 1, 1, 0, 1, 1, 0, 0, 0, 1,
       0, 1, 0, 1, 0, 1, 0, 1, 1, 1, 1, 0, 1, 0, 1, 1, 1, 1, 1, 0, 0, 1,
       0, 1, 0, 1, 1, 0, 0, 0, 0, 0, 0, 0, 1, 1, 1, 0, 0, 1, 0, 1, 1, 1,
       0, 0, 0, 1, 0, 1, 1, 1, 0, 0, 1, 0, 1, 0, 1, 1, 1, 1, 1, 1, 0, 0,
       0, 1, 0, 1, 1, 1, 1, 0, 0, 1, 0, 0, 1, 0, 1, 1, 0, 1, 1, 1, 1, 1,
       0, 1, 1, 0, 1, 1, 1, 0, 0, 0, 1, 1, 0, 0, 0, 0, 1, 1, 0, 0, 1, 0],
      dtype=int64)},
{'kernel': 'linear', 'max_iter': 10, 'func_shape': 'ovo', 'probability': True, 'shrinking': True, 'tollerance': 0.007163636363636364, 'C': 7, 'closed_fnr': 0.18181818181818182, 'closed_recall': 0.8181818181818182, 'closed_f1': 0.6428571428571428, 'closed_precision': 0.5294117647058824, 'closed_accuracy': 0.6753246753246753, 'closed_pred': array([0, 1, 1, 0, 1, 1, 0, 0, 1, 1, 1, 1, 1, 0, 0, 0, 0, 0, 1, 1, 0, 0,
       1, 0, 1, 1, 1, 0, 1, 0, 1, 1, 1, 1, 0, 1, 1, 0, 1, 1, 0, 0, 0, 1,
       0, 1, 0, 1, 0, 1, 0, 1, 1, 1, 1, 0, 1, 0, 1, 1, 1, 1, 1, 0, 0, 1,
       0, 1, 0, 1, 1, 0, 0, 0, 0, 0, 0, 0, 1, 1, 1, 0, 0, 1, 0, 1, 1, 1,
       0, 0, 0, 1, 0, 1, 1, 1, 0, 0, 1, 0, 1, 0, 1, 1, 1, 1, 1, 1, 0, 0,
       0, 1, 0, 1, 1, 1, 1, 0, 0, 1, 0, 0, 1, 0, 1, 1, 0, 1, 1, 1, 1, 1,
       0, 1, 1, 0, 1, 1, 1, 0, 0, 0, 1, 1, 0, 0, 0, 0, 1, 1, 0, 0, 1, 0],
      dtype=int64)},
{'kernel': 'linear', 'max_iter': 10, 'func_shape': 'ovo', 'probability': True, 'shrinking': True, 'tollerance': 0.008172727272727272, 'C': 7, 'closed_fnr': 0.18181818181818182, 'closed_recall': 0.8181818181818182, 'closed_f1': 0.6428571428571428, 'closed_precision': 0.5294117647058824, 'closed_accuracy': 0.6753246753246753, 'closed_pred': array([0, 1, 1, 0, 1, 1, 0, 0, 1, 1, 1, 1, 1, 0, 0, 0, 0, 0, 1, 1, 0, 0,
       1, 0, 1, 1, 1, 0, 1, 0, 1, 1, 1, 1, 0, 1, 1, 0, 1, 1, 0, 0, 0, 1,
       0, 1, 0, 1, 0, 1, 0, 1, 1, 1, 1, 0, 1, 0, 1, 1, 1, 1, 1, 0, 0, 1,
       0, 1, 0, 1, 1, 0, 0, 0, 0, 0, 0, 0, 1, 1, 1, 0, 0, 1, 0, 1, 1, 1,
       0, 0, 0, 1, 0, 1, 1, 1, 0, 0, 1, 0, 1, 0, 1, 1, 1, 1, 1, 1, 0, 0,
       0, 1, 0, 1, 1, 1, 1, 0, 0, 1, 0, 0, 1, 0, 1, 1, 0, 1, 1, 1, 1, 1,
       0, 1, 1, 0, 1, 1, 1, 0, 0, 0, 1, 1, 0, 0, 0, 0, 1, 1, 0, 0, 1, 0],
      dtype=int64)},
{'kernel': 'linear', 'max_iter': 10, 'func_shape': 'ovo', 'probability': True, 'shrinking': True, 'tollerance': 0.009181818181818182, 'C': 7, 'closed_fnr': 0.18181818181818182, 'closed_recall': 0.8181818181818182, 'closed_f1': 0.6428571428571428, 'closed_precision': 0.5294117647058824, 'closed_accuracy': 0.6753246753246753, 'closed_pred': array([0, 1, 1, 0, 1, 1, 0, 0, 1, 1, 1, 1, 1, 0, 0, 0, 0, 0, 1, 1, 0, 0,
       1, 0, 1, 1, 1, 0, 1, 0, 1, 1, 1, 1, 0, 1, 1, 0, 1, 1, 0, 0, 0, 1,
       0, 1, 0, 1, 0, 1, 0, 1, 1, 1, 1, 0, 1, 0, 1, 1, 1, 1, 1, 0, 0, 1,
       0, 1, 0, 1, 1, 0, 0, 0, 0, 0, 0, 0, 1, 1, 1, 0, 0, 1, 0, 1, 1, 1,
       0, 0, 0, 1, 0, 1, 1, 1, 0, 0, 1, 0, 1, 0, 1, 1, 1, 1, 1, 1, 0, 0,
       0, 1, 0, 1, 1, 1, 1, 0, 0, 1, 0, 0, 1, 0, 1, 1, 0, 1, 1, 1, 1, 1,
       0, 1, 1, 0, 1, 1, 1, 0, 0, 0, 1, 1, 0, 0, 0, 0, 1, 1, 0, 0, 1, 0],
      dtype=int64)},
{'kernel': 'linear', 'max_iter': 10, 'func_shape': 'ovo', 'probability': True, 'shrinking': True, 'tollerance': 0.01019090909090909, 'C': 7, 'closed_fnr': 0.18181818181818182, 'closed_recall': 0.8181818181818182, 'closed_f1': 0.6428571428571428, 'closed_precision': 0.5294117647058824, 'closed_accuracy': 0.6753246753246753, 'closed_pred': array([0, 1, 1, 0, 1, 1, 0, 0, 1, 1, 1, 1, 1, 0, 0, 0, 0, 0, 1, 1, 0, 0,
       1, 0, 1, 1, 1, 0, 1, 0, 1, 1, 1, 1, 0, 1, 1, 0, 1, 1, 0, 0, 0, 1,
       0, 1, 0, 1, 0, 1, 0, 1, 1, 1, 1, 0, 1, 0, 1, 1, 1, 1, 1, 0, 0, 1,
       0, 1, 0, 1, 1, 0, 0, 0, 0, 0, 0, 0, 1, 1, 1, 0, 0, 1, 0, 1, 1, 1,
       0, 0, 0, 1, 0, 1, 1, 1, 0, 0, 1, 0, 1, 0, 1, 1, 1, 1, 1, 1, 0, 0,
       0, 1, 0, 1, 1, 1, 1, 0, 0, 1, 0, 0, 1, 0, 1, 1, 0, 1, 1, 1, 1, 1,
       0, 1, 1, 0, 1, 1, 1, 0, 0, 0, 1, 1, 0, 0, 0, 0, 1, 1, 0, 0, 1, 0],
      dtype=int64)},
{'kernel': 'linear', 'max_iter': 312, 'func_shape': 'ovo', 'probability': True, 'shrinking': True, 'tollerance': 0.0001, 'C': 7, 'closed_fnr': 0.16363636363636364, 'closed_recall': 0.8363636363636363, 'closed_f1': 0.6258503401360543, 'closed_precision': 0.5, 'closed_accuracy': 0.6428571428571429, 'closed_pred': array([1, 1, 0, 0, 0, 1, 0, 1, 1, 1, 1, 1, 1, 0, 0, 1, 1, 1, 1, 1, 0, 0,
       1, 1, 1, 1, 1, 0, 1, 0, 1, 1, 1, 1, 0, 1, 1, 0, 1, 1, 0, 0, 1, 1,
       0, 1, 1, 1, 0, 1, 0, 1, 1, 0, 0, 0, 1, 0, 1, 1, 1, 1, 0, 0, 0, 1,
       0, 1, 0, 1, 1, 0, 0, 0, 0, 1, 0, 0, 0, 0, 1, 1, 0, 1, 0, 1, 1, 1,
       1, 1, 0, 1, 0, 1, 1, 1, 1, 1, 1, 0, 1, 0, 1, 1, 0, 1, 1, 1, 0, 1,
       0, 0, 0, 1, 1, 1, 1, 0, 0, 1, 0, 1, 1, 0, 0, 1, 0, 1, 1, 1, 1, 1,
       0, 1, 1, 0, 0, 1, 1, 0, 0, 0, 0, 1, 0, 1, 0, 0, 1, 1, 0, 1, 1, 1],
      dtype=int64)},
{'kernel': 'linear', 'max_iter': 312, 'func_shape': 'ovo', 'probability': True, 'shrinking': True, 'tollerance': 0.0011090909090909092, 'C': 7, 'closed_fnr': 0.16363636363636364, 'closed_recall': 0.8363636363636363, 'closed_f1': 0.6258503401360543, 'closed_precision': 0.5, 'closed_accuracy': 0.6428571428571429, 'closed_pred': array([1, 1, 0, 0, 0, 1, 0, 1, 1, 1, 1, 1, 1, 0, 0, 1, 1, 1, 1, 1, 0, 0,
       1, 1, 1, 1, 1, 0, 1, 0, 1, 1, 1, 1, 0, 1, 1, 0, 1, 1, 0, 0, 1, 1,
       0, 1, 1, 1, 0, 1, 0, 1, 1, 0, 0, 0, 1, 0, 1, 1, 1, 1, 0, 0, 0, 1,
       0, 1, 0, 1, 1, 0, 0, 0, 0, 1, 0, 0, 0, 0, 1, 1, 0, 1, 0, 1, 1, 1,
       1, 1, 0, 1, 0, 1, 1, 1, 1, 1, 1, 0, 1, 0, 1, 1, 0, 1, 1, 1, 0, 1,
       0, 0, 0, 1, 1, 1, 1, 0, 0, 1, 0, 1, 1, 0, 0, 1, 0, 1, 1, 1, 1, 1,
       0, 1, 1, 0, 0, 1, 1, 0, 0, 0, 0, 1, 0, 1, 0, 0, 1, 1, 0, 1, 1, 1],
      dtype=int64)},
{'kernel': 'linear', 'max_iter': 312, 'func_shape': 'ovo', 'probability': True, 'shrinking': True, 'tollerance': 0.002118181818181818, 'C': 7, 'closed_fnr': 0.16363636363636364, 'closed_recall': 0.8363636363636363, 'closed_f1': 0.6258503401360543, 'closed_precision': 0.5, 'closed_accuracy': 0.6428571428571429, 'closed_pred': array([1, 1, 0, 0, 0, 1, 0, 1, 1, 1, 1, 1, 1, 0, 0, 1, 1, 1, 1, 1, 0, 0,
       1, 1, 1, 1, 1, 0, 1, 0, 1, 1, 1, 1, 0, 1, 1, 0, 1, 1, 0, 0, 1, 1,
       0, 1, 1, 1, 0, 1, 0, 1, 1, 0, 0, 0, 1, 0, 1, 1, 1, 1, 0, 0, 0, 1,
       0, 1, 0, 1, 1, 0, 0, 0, 0, 1, 0, 0, 0, 0, 1, 1, 0, 1, 0, 1, 1, 1,
       1, 1, 0, 1, 0, 1, 1, 1, 1, 1, 1, 0, 1, 0, 1, 1, 0, 1, 1, 1, 0, 1,
       0, 0, 0, 1, 1, 1, 1, 0, 0, 1, 0, 1, 1, 0, 0, 1, 0, 1, 1, 1, 1, 1,
       0, 1, 1, 0, 0, 1, 1, 0, 0, 0, 0, 1, 0, 1, 0, 0, 1, 1, 0, 1, 1, 1],
      dtype=int64)},
{'kernel': 'linear', 'max_iter': 312, 'func_shape': 'ovo', 'probability': True, 'shrinking': True, 'tollerance': 0.0031272727272727272, 'C': 7, 'closed_fnr': 0.16363636363636364, 'closed_recall': 0.8363636363636363, 'closed_f1': 0.6258503401360543, 'closed_precision': 0.5, 'closed_accuracy': 0.6428571428571429, 'closed_pred': array([1, 1, 0, 0, 0, 1, 0, 1, 1, 1, 1, 1, 1, 0, 0, 1, 1, 1, 1, 1, 0, 0,
       1, 1, 1, 1, 1, 0, 1, 0, 1, 1, 1, 1, 0, 1, 1, 0, 1, 1, 0, 0, 1, 1,
       0, 1, 1, 1, 0, 1, 0, 1, 1, 0, 0, 0, 1, 0, 1, 1, 1, 1, 0, 0, 0, 1,
       0, 1, 0, 1, 1, 0, 0, 0, 0, 1, 0, 0, 0, 0, 1, 1, 0, 1, 0, 1, 1, 1,
       1, 1, 0, 1, 0, 1, 1, 1, 1, 1, 1, 0, 1, 0, 1, 1, 0, 1, 1, 1, 0, 1,
       0, 0, 0, 1, 1, 1, 1, 0, 0, 1, 0, 1, 1, 0, 0, 1, 0, 1, 1, 1, 1, 1,
       0, 1, 1, 0, 0, 1, 1, 0, 0, 0, 0, 1, 0, 1, 0, 0, 1, 1, 0, 1, 1, 1],
      dtype=int64)},
{'kernel': 'linear', 'max_iter': 312, 'func_shape': 'ovo', 'probability': True, 'shrinking': True, 'tollerance': 0.004136363636363637, 'C': 7, 'closed_fnr': 0.16363636363636364, 'closed_recall': 0.8363636363636363, 'closed_f1': 0.6258503401360543, 'closed_precision': 0.5, 'closed_accuracy': 0.6428571428571429, 'closed_pred': array([1, 1, 0, 0, 0, 1, 0, 1, 1, 1, 1, 1, 1, 0, 0, 1, 1, 1, 1, 1, 0, 0,
       1, 1, 1, 1, 1, 0, 1, 0, 1, 1, 1, 1, 0, 1, 1, 0, 1, 1, 0, 0, 1, 1,
       0, 1, 1, 1, 0, 1, 0, 1, 1, 0, 0, 0, 1, 0, 1, 1, 1, 1, 0, 0, 0, 1,
       0, 1, 0, 1, 1, 0, 0, 0, 0, 1, 0, 0, 0, 0, 1, 1, 0, 1, 0, 1, 1, 1,
       1, 1, 0, 1, 0, 1, 1, 1, 1, 1, 1, 0, 1, 0, 1, 1, 0, 1, 1, 1, 0, 1,
       0, 0, 0, 1, 1, 1, 1, 0, 0, 1, 0, 1, 1, 0, 0, 1, 0, 1, 1, 1, 1, 1,
       0, 1, 1, 0, 0, 1, 1, 0, 0, 0, 0, 1, 0, 1, 0, 0, 1, 1, 0, 1, 1, 1],
      dtype=int64)},
{'kernel': 'linear', 'max_iter': 312, 'func_shape': 'ovo', 'probability': True, 'shrinking': True, 'tollerance': 0.005145454545454546, 'C': 7, 'closed_fnr': 0.16363636363636364, 'closed_recall': 0.8363636363636363, 'closed_f1': 0.6258503401360543, 'closed_precision': 0.5, 'closed_accuracy': 0.6428571428571429, 'closed_pred': array([1, 1, 0, 0, 0, 1, 0, 1, 1, 1, 1, 1, 1, 0, 0, 1, 1, 1, 1, 1, 0, 0,
       1, 1, 1, 1, 1, 0, 1, 0, 1, 1, 1, 1, 0, 1, 1, 0, 1, 1, 0, 0, 1, 1,
       0, 1, 1, 1, 0, 1, 0, 1, 1, 0, 0, 0, 1, 0, 1, 1, 1, 1, 0, 0, 0, 1,
       0, 1, 0, 1, 1, 0, 0, 0, 0, 1, 0, 0, 0, 0, 1, 1, 0, 1, 0, 1, 1, 1,
       1, 1, 0, 1, 0, 1, 1, 1, 1, 1, 1, 0, 1, 0, 1, 1, 0, 1, 1, 1, 0, 1,
       0, 0, 0, 1, 1, 1, 1, 0, 0, 1, 0, 1, 1, 0, 0, 1, 0, 1, 1, 1, 1, 1,
       0, 1, 1, 0, 0, 1, 1, 0, 0, 0, 0, 1, 0, 1, 0, 0, 1, 1, 0, 1, 1, 1],
      dtype=int64)},
{'kernel': 'linear', 'max_iter': 312, 'func_shape': 'ovo', 'probability': True, 'shrinking': True, 'tollerance': 0.006154545454545455, 'C': 7, 'closed_fnr': 0.16363636363636364, 'closed_recall': 0.8363636363636363, 'closed_f1': 0.6258503401360543, 'closed_precision': 0.5, 'closed_accuracy': 0.6428571428571429, 'closed_pred': array([1, 1, 0, 0, 0, 1, 0, 1, 1, 1, 1, 1, 1, 0, 0, 1, 1, 1, 1, 1, 0, 0,
       1, 1, 1, 1, 1, 0, 1, 0, 1, 1, 1, 1, 0, 1, 1, 0, 1, 1, 0, 0, 1, 1,
       0, 1, 1, 1, 0, 1, 0, 1, 1, 0, 0, 0, 1, 0, 1, 1, 1, 1, 0, 0, 0, 1,
       0, 1, 0, 1, 1, 0, 0, 0, 0, 1, 0, 0, 0, 0, 1, 1, 0, 1, 0, 1, 1, 1,
       1, 1, 0, 1, 0, 1, 1, 1, 1, 1, 1, 0, 1, 0, 1, 1, 0, 1, 1, 1, 0, 1,
       0, 0, 0, 1, 1, 1, 1, 0, 0, 1, 0, 1, 1, 0, 0, 1, 0, 1, 1, 1, 1, 1,
       0, 1, 1, 0, 0, 1, 1, 0, 0, 0, 0, 1, 0, 1, 0, 0, 1, 1, 0, 1, 1, 1],
      dtype=int64)},
{'kernel': 'linear', 'max_iter': 312, 'func_shape': 'ovo', 'probability': True, 'shrinking': True, 'tollerance': 0.007163636363636364, 'C': 7, 'closed_fnr': 0.16363636363636364, 'closed_recall': 0.8363636363636363, 'closed_f1': 0.6258503401360543, 'closed_precision': 0.5, 'closed_accuracy': 0.6428571428571429, 'closed_pred': array([1, 1, 0, 0, 0, 1, 0, 1, 1, 1, 1, 1, 1, 0, 0, 1, 1, 1, 1, 1, 0, 0,
       1, 1, 1, 1, 1, 0, 1, 0, 1, 1, 1, 1, 0, 1, 1, 0, 1, 1, 0, 0, 1, 1,
       0, 1, 1, 1, 0, 1, 0, 1, 1, 0, 0, 0, 1, 0, 1, 1, 1, 1, 0, 0, 0, 1,
       0, 1, 0, 1, 1, 0, 0, 0, 0, 1, 0, 0, 0, 0, 1, 1, 0, 1, 0, 1, 1, 1,
       1, 1, 0, 1, 0, 1, 1, 1, 1, 1, 1, 0, 1, 0, 1, 1, 0, 1, 1, 1, 0, 1,
       0, 0, 0, 1, 1, 1, 1, 0, 0, 1, 0, 1, 1, 0, 0, 1, 0, 1, 1, 1, 1, 1,
       0, 1, 1, 0, 0, 1, 1, 0, 0, 0, 0, 1, 0, 1, 0, 0, 1, 1, 0, 1, 1, 1],
      dtype=int64)},
{'kernel': 'linear', 'max_iter': 312, 'func_shape': 'ovo', 'probability': True, 'shrinking': True, 'tollerance': 0.008172727272727272, 'C': 7, 'closed_fnr': 0.16363636363636364, 'closed_recall': 0.8363636363636363, 'closed_f1': 0.6258503401360543, 'closed_precision': 0.5, 'closed_accuracy': 0.6428571428571429, 'closed_pred': array([1, 1, 0, 0, 0, 1, 0, 1, 1, 1, 1, 1, 1, 0, 0, 1, 1, 1, 1, 1, 0, 0,
       1, 1, 1, 1, 1, 0, 1, 0, 1, 1, 1, 1, 0, 1, 1, 0, 1, 1, 0, 0, 1, 1,
       0, 1, 1, 1, 0, 1, 0, 1, 1, 0, 0, 0, 1, 0, 1, 1, 1, 1, 0, 0, 0, 1,
       0, 1, 0, 1, 1, 0, 0, 0, 0, 1, 0, 0, 0, 0, 1, 1, 0, 1, 0, 1, 1, 1,
       1, 1, 0, 1, 0, 1, 1, 1, 1, 1, 1, 0, 1, 0, 1, 1, 0, 1, 1, 1, 0, 1,
       0, 0, 0, 1, 1, 1, 1, 0, 0, 1, 0, 1, 1, 0, 0, 1, 0, 1, 1, 1, 1, 1,
       0, 1, 1, 0, 0, 1, 1, 0, 0, 0, 0, 1, 0, 1, 0, 0, 1, 1, 0, 1, 1, 1],
      dtype=int64)},
{'kernel': 'linear', 'max_iter': 312, 'func_shape': 'ovo', 'probability': True, 'shrinking': True, 'tollerance': 0.009181818181818182, 'C': 7, 'closed_fnr': 0.16363636363636364, 'closed_recall': 0.8363636363636363, 'closed_f1': 0.6258503401360543, 'closed_precision': 0.5, 'closed_accuracy': 0.6428571428571429, 'closed_pred': array([1, 1, 0, 0, 0, 1, 0, 1, 1, 1, 1, 1, 1, 0, 0, 1, 1, 1, 1, 1, 0, 0,
       1, 1, 1, 1, 1, 0, 1, 0, 1, 1, 1, 1, 0, 1, 1, 0, 1, 1, 0, 0, 1, 1,
       0, 1, 1, 1, 0, 1, 0, 1, 1, 0, 0, 0, 1, 0, 1, 1, 1, 1, 0, 0, 0, 1,
       0, 1, 0, 1, 1, 0, 0, 0, 0, 1, 0, 0, 0, 0, 1, 1, 0, 1, 0, 1, 1, 1,
       1, 1, 0, 1, 0, 1, 1, 1, 1, 1, 1, 0, 1, 0, 1, 1, 0, 1, 1, 1, 0, 1,
       0, 0, 0, 1, 1, 1, 1, 0, 0, 1, 0, 1, 1, 0, 0, 1, 0, 1, 1, 1, 1, 1,
       0, 1, 1, 0, 0, 1, 1, 0, 0, 0, 0, 1, 0, 1, 0, 0, 1, 1, 0, 1, 1, 1],
      dtype=int64)},
{'kernel': 'linear', 'max_iter': 615, 'func_shape': 'ovo', 'probability': True, 'shrinking': True, 'tollerance': 0.0001, 'C': 7, 'closed_fnr': 0.14545454545454545, 'closed_recall': 0.8545454545454545, 'closed_f1': 0.6861313868613138, 'closed_precision': 0.573170731707317, 'closed_accuracy': 0.7207792207792207, 'closed_pred': array([1, 0, 0, 0, 1, 1, 0, 0, 1, 1, 1, 1, 1, 0, 0, 1, 0, 0, 1, 1, 0, 0,
       1, 0, 1, 1, 1, 0, 1, 0, 1, 1, 1, 1, 0, 1, 1, 0, 1, 1, 0, 0, 0, 1,
       0, 1, 0, 0, 0, 1, 0, 1, 1, 0, 1, 0, 1, 0, 1, 1, 1, 1, 1, 1, 0, 1,
       0, 1, 0, 1, 1, 0, 0, 0, 0, 0, 0, 0, 1, 0, 1, 0, 0, 1, 0, 1, 1, 1,
       0, 0, 0, 0, 0, 1, 1, 1, 1, 0, 1, 0, 1, 0, 1, 1, 1, 1, 1, 1, 0, 0,
       0, 1, 0, 1, 1, 0, 1, 0, 0, 1, 0, 0, 1, 0, 1, 1, 1, 1, 1, 1, 1, 1,
       0, 1, 1, 0, 1, 1, 1, 0, 0, 0, 0, 1, 0, 0, 0, 0, 1, 1, 0, 0, 1, 0],
      dtype=int64)},
{'kernel': 'linear', 'max_iter': 615, 'func_shape': 'ovo', 'probability': True, 'shrinking': True, 'tollerance': 0.0011090909090909092, 'C': 7, 'closed_fnr': 0.14545454545454545, 'closed_recall': 0.8545454545454545, 'closed_f1': 0.6861313868613138, 'closed_precision': 0.573170731707317, 'closed_accuracy': 0.7207792207792207, 'closed_pred': array([1, 0, 0, 0, 1, 1, 0, 0, 1, 1, 1, 1, 1, 0, 0, 1, 0, 0, 1, 1, 0, 0,
       1, 0, 1, 1, 1, 0, 1, 0, 1, 1, 1, 1, 0, 1, 1, 0, 1, 1, 0, 0, 0, 1,
       0, 1, 0, 0, 0, 1, 0, 1, 1, 0, 1, 0, 1, 0, 1, 1, 1, 1, 1, 1, 0, 1,
       0, 1, 0, 1, 1, 0, 0, 0, 0, 0, 0, 0, 1, 0, 1, 0, 0, 1, 0, 1, 1, 1,
       0, 0, 0, 0, 0, 1, 1, 1, 1, 0, 1, 0, 1, 0, 1, 1, 1, 1, 1, 1, 0, 0,
       0, 1, 0, 1, 1, 0, 1, 0, 0, 1, 0, 0, 1, 0, 1, 1, 1, 1, 1, 1, 1, 1,
       0, 1, 1, 0, 1, 1, 1, 0, 0, 0, 0, 1, 0, 0, 0, 0, 1, 1, 0, 0, 1, 0],
      dtype=int64)},
{'kernel': 'linear', 'max_iter': 615, 'func_shape': 'ovo', 'probability': True, 'shrinking': True, 'tollerance': 0.002118181818181818, 'C': 7, 'closed_fnr': 0.14545454545454545, 'closed_recall': 0.8545454545454545, 'closed_f1': 0.6861313868613138, 'closed_precision': 0.573170731707317, 'closed_accuracy': 0.7207792207792207, 'closed_pred': array([1, 0, 0, 0, 1, 1, 0, 0, 1, 1, 1, 1, 1, 0, 0, 1, 0, 0, 1, 1, 0, 0,
       1, 0, 1, 1, 1, 0, 1, 0, 1, 1, 1, 1, 0, 1, 1, 0, 1, 1, 0, 0, 0, 1,
       0, 1, 0, 0, 0, 1, 0, 1, 1, 0, 1, 0, 1, 0, 1, 1, 1, 1, 1, 1, 0, 1,
       0, 1, 0, 1, 1, 0, 0, 0, 0, 0, 0, 0, 1, 0, 1, 0, 0, 1, 0, 1, 1, 1,
       0, 0, 0, 0, 0, 1, 1, 1, 1, 0, 1, 0, 1, 0, 1, 1, 1, 1, 1, 1, 0, 0,
       0, 1, 0, 1, 1, 0, 1, 0, 0, 1, 0, 0, 1, 0, 1, 1, 1, 1, 1, 1, 1, 1,
       0, 1, 1, 0, 1, 1, 1, 0, 0, 0, 0, 1, 0, 0, 0, 0, 1, 1, 0, 0, 1, 0],
      dtype=int64)},
{'kernel': 'linear', 'max_iter': 615, 'func_shape': 'ovo', 'probability': True, 'shrinking': True, 'tollerance': 0.0031272727272727272, 'C': 7, 'closed_fnr': 0.14545454545454545, 'closed_recall': 0.8545454545454545, 'closed_f1': 0.6861313868613138, 'closed_precision': 0.573170731707317, 'closed_accuracy': 0.7207792207792207, 'closed_pred': array([1, 0, 0, 0, 1, 1, 0, 0, 1, 1, 1, 1, 1, 0, 0, 1, 0, 0, 1, 1, 0, 0,
       1, 0, 1, 1, 1, 0, 1, 0, 1, 1, 1, 1, 0, 1, 1, 0, 1, 1, 0, 0, 0, 1,
       0, 1, 0, 0, 0, 1, 0, 1, 1, 0, 1, 0, 1, 0, 1, 1, 1, 1, 1, 1, 0, 1,
       0, 1, 0, 1, 1, 0, 0, 0, 0, 0, 0, 0, 1, 0, 1, 0, 0, 1, 0, 1, 1, 1,
       0, 0, 0, 0, 0, 1, 1, 1, 1, 0, 1, 0, 1, 0, 1, 1, 1, 1, 1, 1, 0, 0,
       0, 1, 0, 1, 1, 0, 1, 0, 0, 1, 0, 0, 1, 0, 1, 1, 1, 1, 1, 1, 1, 1,
       0, 1, 1, 0, 1, 1, 1, 0, 0, 0, 0, 1, 0, 0, 0, 0, 1, 1, 0, 0, 1, 0],
      dtype=int64)},
{'kernel': 'linear', 'max_iter': 615, 'func_shape': 'ovo', 'probability': True, 'shrinking': True, 'tollerance': 0.004136363636363637, 'C': 7, 'closed_fnr': 0.14545454545454545, 'closed_recall': 0.8545454545454545, 'closed_f1': 0.6861313868613138, 'closed_precision': 0.573170731707317, 'closed_accuracy': 0.7207792207792207, 'closed_pred': array([1, 0, 0, 0, 1, 1, 0, 0, 1, 1, 1, 1, 1, 0, 0, 1, 0, 0, 1, 1, 0, 0,
       1, 0, 1, 1, 1, 0, 1, 0, 1, 1, 1, 1, 0, 1, 1, 0, 1, 1, 0, 0, 0, 1,
       0, 1, 0, 0, 0, 1, 0, 1, 1, 0, 1, 0, 1, 0, 1, 1, 1, 1, 1, 1, 0, 1,
       0, 1, 0, 1, 1, 0, 0, 0, 0, 0, 0, 0, 1, 0, 1, 0, 0, 1, 0, 1, 1, 1,
       0, 0, 0, 0, 0, 1, 1, 1, 1, 0, 1, 0, 1, 0, 1, 1, 1, 1, 1, 1, 0, 0,
       0, 1, 0, 1, 1, 0, 1, 0, 0, 1, 0, 0, 1, 0, 1, 1, 1, 1, 1, 1, 1, 1,
       0, 1, 1, 0, 1, 1, 1, 0, 0, 0, 0, 1, 0, 0, 0, 0, 1, 1, 0, 0, 1, 0],
      dtype=int64)},
{'kernel': 'linear', 'max_iter': 615, 'func_shape': 'ovo', 'probability': True, 'shrinking': True, 'tollerance': 0.005145454545454546, 'C': 7, 'closed_fnr': 0.14545454545454545, 'closed_recall': 0.8545454545454545, 'closed_f1': 0.6861313868613138, 'closed_precision': 0.573170731707317, 'closed_accuracy': 0.7207792207792207, 'closed_pred': array([1, 0, 0, 0, 1, 1, 0, 0, 1, 1, 1, 1, 1, 0, 0, 1, 0, 0, 1, 1, 0, 0,
       1, 0, 1, 1, 1, 0, 1, 0, 1, 1, 1, 1, 0, 1, 1, 0, 1, 1, 0, 0, 0, 1,
       0, 1, 0, 0, 0, 1, 0, 1, 1, 0, 1, 0, 1, 0, 1, 1, 1, 1, 1, 1, 0, 1,
       0, 1, 0, 1, 1, 0, 0, 0, 0, 0, 0, 0, 1, 0, 1, 0, 0, 1, 0, 1, 1, 1,
       0, 0, 0, 0, 0, 1, 1, 1, 1, 0, 1, 0, 1, 0, 1, 1, 1, 1, 1, 1, 0, 0,
       0, 1, 0, 1, 1, 0, 1, 0, 0, 1, 0, 0, 1, 0, 1, 1, 1, 1, 1, 1, 1, 1,
       0, 1, 1, 0, 1, 1, 1, 0, 0, 0, 0, 1, 0, 0, 0, 0, 1, 1, 0, 0, 1, 0],
      dtype=int64)},
{'kernel': 'linear', 'max_iter': 615, 'func_shape': 'ovo', 'probability': True, 'shrinking': True, 'tollerance': 0.006154545454545455, 'C': 7, 'closed_fnr': 0.14545454545454545, 'closed_recall': 0.8545454545454545, 'closed_f1': 0.6861313868613138, 'closed_precision': 0.573170731707317, 'closed_accuracy': 0.7207792207792207, 'closed_pred': array([1, 0, 0, 0, 1, 1, 0, 0, 1, 1, 1, 1, 1, 0, 0, 1, 0, 0, 1, 1, 0, 0,
       1, 0, 1, 1, 1, 0, 1, 0, 1, 1, 1, 1, 0, 1, 1, 0, 1, 1, 0, 0, 0, 1,
       0, 1, 0, 0, 0, 1, 0, 1, 1, 0, 1, 0, 1, 0, 1, 1, 1, 1, 1, 1, 0, 1,
       0, 1, 0, 1, 1, 0, 0, 0, 0, 0, 0, 0, 1, 0, 1, 0, 0, 1, 0, 1, 1, 1,
       0, 0, 0, 0, 0, 1, 1, 1, 1, 0, 1, 0, 1, 0, 1, 1, 1, 1, 1, 1, 0, 0,
       0, 1, 0, 1, 1, 0, 1, 0, 0, 1, 0, 0, 1, 0, 1, 1, 1, 1, 1, 1, 1, 1,
       0, 1, 1, 0, 1, 1, 1, 0, 0, 0, 0, 1, 0, 0, 0, 0, 1, 1, 0, 0, 1, 0],
      dtype=int64)},
{'kernel': 'linear', 'max_iter': 615, 'func_shape': 'ovo', 'probability': True, 'shrinking': True, 'tollerance': 0.007163636363636364, 'C': 7, 'closed_fnr': 0.14545454545454545, 'closed_recall': 0.8545454545454545, 'closed_f1': 0.6861313868613138, 'closed_precision': 0.573170731707317, 'closed_accuracy': 0.7207792207792207, 'closed_pred': array([1, 0, 0, 0, 1, 1, 0, 0, 1, 1, 1, 1, 1, 0, 0, 1, 0, 0, 1, 1, 0, 0,
       1, 0, 1, 1, 1, 0, 1, 0, 1, 1, 1, 1, 0, 1, 1, 0, 1, 1, 0, 0, 0, 1,
       0, 1, 0, 0, 0, 1, 0, 1, 1, 0, 1, 0, 1, 0, 1, 1, 1, 1, 1, 1, 0, 1,
       0, 1, 0, 1, 1, 0, 0, 0, 0, 0, 0, 0, 1, 0, 1, 0, 0, 1, 0, 1, 1, 1,
       0, 0, 0, 0, 0, 1, 1, 1, 1, 0, 1, 0, 1, 0, 1, 1, 1, 1, 1, 1, 0, 0,
       0, 1, 0, 1, 1, 0, 1, 0, 0, 1, 0, 0, 1, 0, 1, 1, 1, 1, 1, 1, 1, 1,
       0, 1, 1, 0, 1, 1, 1, 0, 0, 0, 0, 1, 0, 0, 0, 0, 1, 1, 0, 0, 1, 0],
      dtype=int64)},
{'kernel': 'linear', 'max_iter': 615, 'func_shape': 'ovo', 'probability': True, 'shrinking': True, 'tollerance': 0.008172727272727272, 'C': 7, 'closed_fnr': 0.14545454545454545, 'closed_recall': 0.8545454545454545, 'closed_f1': 0.6861313868613138, 'closed_precision': 0.573170731707317, 'closed_accuracy': 0.7207792207792207, 'closed_pred': array([1, 0, 0, 0, 1, 1, 0, 0, 1, 1, 1, 1, 1, 0, 0, 1, 0, 0, 1, 1, 0, 0,
       1, 0, 1, 1, 1, 0, 1, 0, 1, 1, 1, 1, 0, 1, 1, 0, 1, 1, 0, 0, 0, 1,
       0, 1, 0, 0, 0, 1, 0, 1, 1, 0, 1, 0, 1, 0, 1, 1, 1, 1, 1, 1, 0, 1,
       0, 1, 0, 1, 1, 0, 0, 0, 0, 0, 0, 0, 1, 0, 1, 0, 0, 1, 0, 1, 1, 1,
       0, 0, 0, 0, 0, 1, 1, 1, 1, 0, 1, 0, 1, 0, 1, 1, 1, 1, 1, 1, 0, 0,
       0, 1, 0, 1, 1, 0, 1, 0, 0, 1, 0, 0, 1, 0, 1, 1, 1, 1, 1, 1, 1, 1,
       0, 1, 1, 0, 1, 1, 1, 0, 0, 0, 0, 1, 0, 0, 0, 0, 1, 1, 0, 0, 1, 0],
      dtype=int64)},
{'kernel': 'linear', 'max_iter': 615, 'func_shape': 'ovo', 'probability': True, 'shrinking': True, 'tollerance': 0.009181818181818182, 'C': 7, 'closed_fnr': 0.14545454545454545, 'closed_recall': 0.8545454545454545, 'closed_f1': 0.6861313868613138, 'closed_precision': 0.573170731707317, 'closed_accuracy': 0.7207792207792207, 'closed_pred': array([1, 0, 0, 0, 1, 1, 0, 0, 1, 1, 1, 1, 1, 0, 0, 1, 0, 0, 1, 1, 0, 0,
       1, 0, 1, 1, 1, 0, 1, 0, 1, 1, 1, 1, 0, 1, 1, 0, 1, 1, 0, 0, 0, 1,
       0, 1, 0, 0, 0, 1, 0, 1, 1, 0, 1, 0, 1, 0, 1, 1, 1, 1, 1, 1, 0, 1,
       0, 1, 0, 1, 1, 0, 0, 0, 0, 0, 0, 0, 1, 0, 1, 0, 0, 1, 0, 1, 1, 1,
       0, 0, 0, 0, 0, 1, 1, 1, 1, 0, 1, 0, 1, 0, 1, 1, 1, 1, 1, 1, 0, 0,
       0, 1, 0, 1, 1, 0, 1, 0, 0, 1, 0, 0, 1, 0, 1, 1, 1, 1, 1, 1, 1, 1,
       0, 1, 1, 0, 1, 1, 1, 0, 0, 0, 0, 1, 0, 0, 0, 0, 1, 1, 0, 0, 1, 0],
      dtype=int64)},
